          0
          0
         -6
        -12
        -12
         -2
         17
         45
         77
        105
        124
        127
        127
        127
        122
        122
        122
        122
        122
        121
        121
        120
        120
        119
        118
        117
        117
        116
        114
        113
        112
        110
        109
        108
        106
        104
        102
        100
         97
         95
         92
         89
         87
         84
         80
         77
         74
         70
         67
         63
         58
         54
         50
         45
         41
         36
         31
         26
         20
         15
         10
          5
         -1
         -6
        -12
        -18
        -24
        -30
        -36
        -42
        -47
        -53
        -59
        -65
        -70
        -76
        -81
        -86
        -91
        -95
       -100
       -104
       -107
       -111
       -114
       -117
       -119
       -121
       -123
       -124
       -124
       -124
       -124
       -123
       -122
       -120
       -117
       -114
       -110
       -106
       -101
        -96
        -90
        -84
        -77
        -70
        -62
        -54
        -46
        -37
        -28
        -19
        -10
          0
          9
         19
         28
         38
         47
         56
         65
         74
         82
         89
         96
        102
        108
        113
        117
        120
        122
        123
        124
        123
        122
        119
        116
        111
        105
         99
         91
         83
         74
         64
         53
         42
         30
         18
          7
         -6
        -18
        -30
        -42
        -53
        -65
        -75
        -85
        -95
       -103
       -110
       -116
       -120
       -123
       -125
       -125
       -124
       -122
       -118
       -112
       -105
        -96
        -87
        -76
        -64
        -51
        -38
        -24
        -10
          5
         19
         34
         48
         61
         74
         85
         96
        105
        112
        118
        122
        125
        125
        123
        119
        114
        106
         97
         86
         73
         59
         45
         29
         13
         -4
        -20
        -36
        -52
        -67
        -81
        -93
       -104
       -113
       -120
       -124
       -126
       -126
       -123
       -118
       -110
       -100
        -88
        -74
        -59
        -42
        -25
         -7
         12
         30
         47
         64
         80
         93
        105
        115
        121
        125
        126
        124
        119
        111
        101
         88
         72
         55
         37
         17
         -3
        -23
        -42
        -60
        -78
        -93
       -106
       -116
       -123
       -127
       -127
       -124
       -117
       -107
        -95
        -79
        -61
        -42
        -21
          1
         22
         43
         63
         81
         97
        110
        119
        125
        127
        125
        118
        109
         95
         79
         60
         39
         17
         -6
        -29
        -51
        -72
        -90
       -105
       -117
       -125
       -128
       -127
       -121
       -111
        -98
        -80
        -60
        -38
        -14
         10
         34
         57
         78
         96
        111
        121
        127
        127
        123
        114
        100
         82
         61
         37
         12
        -13
        -39
        -62
        -84
       -102
       -116
       -125
       -128
       -127
       -120
       -108
        -91
        -69
        -45
        -19
          8
         35
         60
         82
        101
        116
        125
        127
        125
        117
        103
         84
         60
         34
          7
        -22
        -49
        -74
        -95
       -112
       -124
       -128
       -128
       -120
       -107
        -87
        -63
        -36
         -7
         22
         51
         76
         98
        115
        125
        127
        125
        115
         99
         77
         51
         21
         -9
        -39
        -67
        -92
       -111
       -124
       -128
       -128
       -119
       -103
        -81
        -54
        -24
          8
         39
         68
         93
        112
        125
        127
        126
        114
         96
         72
         43
         11
        -22
        -53
        -81
       -104
       -121
       -128
       -128
       -121
       -104
        -81
        -52
        -20
         14
         47
         76
        101
        119
        127
        127
        120
        103
         79
         49
         16
        -19
        -52
        -82
       -106
       -123
       -128
       -128
       -117
        -97
        -70
        -37
         -2
         34
         67
         95
        115
        127
        127
        122
        104
         79
         47
         11
        -25
        -60
        -90
       -113
       -127
       -128
       -125
       -108
        -82
        -50
        -13
         24
         60
         91
        114
        127
        127
        122
        103
         75
         41
          3
        -35
        -71
       -100
       -121
       -128
       -128
       -116
        -93
        -62
        -25
         15
         53
         86
        111
        127
        127
        122
        102
         72
         36
         -4
        -44
        -79
       -108
       -126
       -128
       -125
       -106
        -77
        -41
          0
         40
         77
        106
        124
        127
        124
        104
         74
         37
         -5
        -46
        -83
       -111
       -128
       -128
       -122
        -99
        -66
        -26
         16
         57
         92
        117
        127
        127
        113
         85
         48
          6
        -37
        -76
       -107
       -126
       -128
       -122
        -99
        -65
        -23
         21
         63
         97
        121
        127
        125
        105
         73
         32
        -12
        -56
        -93
       -119
       -128
       -128
       -109
        -77
        -36
          9
         53
         91
        118
        127
        126
        107
         74
         32
        -14
        -58
        -96
       -121
       -128
       -125
       -103
        -68
        -24
         23
         67
        103
        125
        127
        120
         93
         53
          7
        -40
        -83
       -114
       -128
       -128
       -111
        -77
        -34
         15
         61
         99
        123
        127
        120
         92
         52
          4
        -44
        -87
       -117
       -128
       -126
       -104
        -67
        -20
         29
         75
        109
        127
        127
        109
         74
         28
        -22
        -69
       -106
       -127
       -128
       -113
        -80
        -34
         17
         65
        103
        125
        127
        112
         79
         33
        -19
        -67
       -105
       -127
       -128
       -111
        -75
        -28
         24
         72
        109
        127
        126
        104
         66
         16
        -36
        -83
       -116
       -128
       -123
        -96
        -53
         -1
         51
         94
        122
        127
        114
         80
         33
        -21
        -71
       -109
       -128
       -126
       -102
        -60
         -8
         45
         91
        120
        127
        115
         80
         32
        -23
        -73
       -111
       -128
       -124
        -97
        -52
          2
         56
         99
        124
        127
        106
         65
         13
        -42
        -90
       -120
       -128
       -113
        -76
        -25
         30
         80
        115
        127
        116
         82
         32
        -24
        -76
       -113
       -128
       -119
        -87
        -37
         19
         72
        110
        127
        118
         86
         37
        -20
        -73
       -112
       -128
       -118
        -85
        -34
         23
         76
        113
        126
        114
         78
         26
        -32
        -83
       -117
       -127
       -110
        -70
        -16
         42
         91
        121
        124
        101
         57
          0
        -57
       -102
       -125
       -121
        -91
        -41
         17
         72
        111
        125
        112
         74
         19
        -40
        -90
       -120
       -124
       -100
        -53
          6
         63
        105
        124
        114
         78
         24
        -36
        -87
       -119
       -123
        -99
        -52
          7
         64
        107
        124
        112
         73
         17
        -43
        -93
       -121
       -120
        -91
        -40
         21
         76
        113
        122
        102
         57
         -3
        -62
       -106
       -124
       -111
        -71
        -14
         47
         96
        121
        115
         81
         26
        -35
        -88
       -118
       -119
        -90
        -37
         24
         80
        115
        120
         94
         44
        -18
        -75
       -113
       -121
        -98
        -50
         12
         70
        110
        120
         99
         51
        -11
        -69
       -110
       -121
        -99
        -51
         10
         69
        109
        119
         96
         47
        -15
        -73
       -111
       -119
        -94
        -43
         19
         76
        112
        116
         88
         35
        -28
        -83
       -115
       -114
        -81
        -25
         38
         90
        116
        109
         70
         10
        -52
        -99
       -118
       -103
        -58
          4
         65
        106
        116
         92
         40
        -23
        -80
       -113
       -113
        -79
        -21
         42
         93
        115
        103
         59
         -3
        -64
       -106
       -115
        -90
        -37
         27
         82
        112
        107
         69
         10
        -53
       -100
       -115
        -94
        -45
         19
         76
        109
        107
         71
         12
        -51
        -98
       -114
        -93
        -43
         20
         77
        109
        106
         67
          7
        -55
       -100
       -112
        -88
        -35
         29
         84
        110
        100
         57
         -6
        -66
       -105
       -109
        -76
        -18
         46
         94
        110
         89
         37
        -27
        -82
       -109
        -99
        -55
          7
         67
        104
        104
         69
          9
        -54
        -98
       -108
        -81
        -25
         39
         89
        107
         88
         37
        -27
        -82
       -108
        -95
        -49
         15
         73
        104
         98
         57
         -5
        -66
       -102
       -102
        -64
         -3
         58
         98
        102
         68
          9
        -54
        -96
       -104
        -73
        -15
         48
         93
        103
         74
         17
        -46
        -92
       -103
        -76
        -19
         44
         90
        102
         74
         18
        -45
        -91
       -102
        -74
        -18
         45
         90
        100
         71
         14
        -49
        -93
       -100
        -68
        -10
         52
         93
         97
         62
          3
        -58
        -96
        -95
        -57
          4
         63
         96
         91
         48
        -14
        -70
        -98
        -86
        -39
         23
         76
         98
         79
         27
        -36
        -84
        -98
        -71
        -15
         47
         89
         94
         59
          0
        -59
        -94
        -89
        -46
         15
         70
         95
         79
         30
        -33
        -81
        -95
        -68
        -12
         48
         88
         89
         52
         -8
        -65
        -93
        -81
        -34
         28
         77
         92
         66
         11
        -49
        -88
        -88
        -49
         11
         66
         91
         75
         26
        -35
        -81
        -90
        -59
         -1
         56
         88
         80
         35
        -26
        -75
        -90
        -64
         -9
         49
         85
         81
         40
        -20
        -71
        -89
        -65
        -12
         46
         83
         81
         40
        -19
        -70
        -87
        -64
        -11
         47
         83
         78
         37
        -22
        -71
        -86
        -60
         -5
         51
         83
         74
         29
        -30
        -74
        -83
        -52
          4
         58
         83
         67
         18
        -40
        -78
        -78
        -40
         18
         66
         81
         56
          3
        -52
        -81
        -70
        -24
         34
         74
         77
         40
        -16
        -65
        -81
        -56
         -3
         51
         78
         66
         19
        -38
        -75
        -74
        -36
         21
         66
         77
         47
         -7
        -57
        -78
        -58
         -9
         45
         75
         65
         21
        -35
        -72
        -72
        -34
         22
         65
         73
         43
        -11
        -59
        -75
        -51
          0
         50
         74
         57
          9
        -43
        -73
        -63
        -19
         34
         69
         66
         26
        -28
        -66
        -69
        -34
         19
         62
         69
         39
        -14
        -58
        -71
        -44
          7
         53
         70
         47
         -2
        -50
        -70
        -50
         -3
         46
         68
         52
          5
        -44
        -69
        -54
         -9
         41
         66
         54
         10
        -40
        -67
        -56
        -13
         37
         65
         55
         12
        -37
        -65
        -55
        -14
         35
         63
         53
         12
        -37
        -64
        -53
        -12
         36
         63
         51
          9
        -38
        -63
        -50
         -8
         39
         62
         47
          4
        -42
        -62
        -45
         -2
         43
         61
         42
         -3
        -46
        -61
        -39
          7
         48
         59
         34
        -12
        -51
        -58
        -30
         17
         52
         55
         23
        -23
        -55
        -52
        -17
         28
         55
         47
          9
        -35
        -57
        -44
         -3
         39
         56
         37
         -6
        -45
        -55
        -31
         13
         48
         51
         22
        -22
        -52
        -48
        -14
         29
         52
         41
          3
        -37
        -54
        -35
          6
         42
         51
         25
        -17
        -48
        -48
        -16
         25
         50
         41
          5
        -35
        -51
        -34
          6
         41
         48
         22
        -18
        -47
        -44
        -12
         28
         48
         36
         -1
        -37
        -48
        -27
         12
         42
         43
         14
        -25
        -47
        -37
         -2
         34
         46
         26
        -12
        -42
        -42
        -14
         24
         44
         34
          0
        -34
        -44
        -23
         13
         40
         38
          9
        -27
        -44
        -30
          4
         35
         40
         17
        -19
        -42
        -35
         -3
         30
         41
         22
        -13
        -39
        -37
         -9
         25
         40
         26
         -7
        -35
        -38
        -14
         20
         38
         28
         -3
        -32
        -38
        -16
         17
         37
         29
          0
        -30
        -38
        -18
         15
         35
         29
          1
        -28
        -37
        -18
         13
         34
         29
          1
        -28
        -36
        -18
         13
         33
         28
          1
        -27
        -34
        -16
         14
         33
         26
         -1
        -27
        -33
        -14
         16
         32
         24
         -3
        -28
        -31
        -10
         18
         31
         20
         -7
        -29
        -29
         -6
         20
         30
         16
        -11
        -29
        -25
         -1
         23
         29
         11
        -15
        -30
        -21
          4
         25
         25
          5
        -20
        -29
        -16
         10
         27
         22
         -1
        -22
        -26
         -9
         15
         26
         16
         -8
        -25
        -23
         -2
         20
         25
          9
        -14
        -26
        -17
          6
         23
         21
          1
        -20
        -24
        -10
         12
         23
         14
         -7
        -22
        -19
         -1
         18
         21
          6
        -14
        -23
        -13
          8
         21
         16
         -3
        -20
        -20
         -4
         15
         20
          8
        -11
        -21
        -14
          5
         19
         16
         -1
        -17
        -19
         -5
         13
         19
          8
        -10
        -19
        -13
          5
         17
         14
         -1
        -16
        -17
         -4
         12
         17
          6
        -10
        -18
        -10
          6
         16
         12
         -4
        -16
        -14
         -1
         13
         15
          3
        -12
        -16
         -7
          8
         15
          7
         -7
        -16
        -11
          3
         13
         11
         -1
        -13
        -13
         -1
         11
         12
          3
        -10
        -14
         -6
          7
         12
          6
         -6
        -13
         -8
          4
         12
          8
         -3
        -12
        -10
          0
          9
          9
          0
        -10
        -11
         -2
          8
         10
          2
         -8
        -11
         -4
          6
         10
          4
         -6
        -10
         -6
          4
          9
          5
         -4
         -9
         -6
          2
          8
          6
         -2
         -8
         -7
          1
          7
          6
         -1
         -7
         -7
         -1
          6
          6
          0
         -6
         -7
         -1
          5
          6
          0
         -6
         -6
         -1
          4
          5
          1
         -5
         -6
         -2
          3
          5
          1
         -4
         -6
         -2
          3
          4
          1
         -4
         -5
         -2
          3
          4
          1
         -3
         -4
         -2
          2
          3
          1
         -3
         -3
         -1
          2
          2
          0
         -3
         -3
         -1
          2
          2
          0
         -2
         -2
         -1
          1
          1
          0
         -2
         -2
         -1
          1
          1
          0
         -1
         -2
         -1
          0
          0
         -1
         -1
         -1
         -1
          0
          0
          0
         -1
         -1
         -1
         -1
          0
          0
          0
         -1
         -1
         -1
          0
          1
          1
          0
         -1
         -1
          0
          1
          0
         -1
         -2
         -1
          0
          1
          1
         -1
         -3
         -2
          1
          2
          1
         -2
         -3
         -1
          1
          2
          0
         -3
         -3
         -1
          2
          2
         -1
         -4
         -3
          0
          3
          1
         -3
         -5
         -2
          2
          4
          1
         -3
         -4
         -1
          3
          3
         -1
         -5
         -4
          1
          4
          2
         -3
         -6
         -3
          3
          4
          1
         -5
         -5
          0
          4
          4
         -2
         -6
         -4
          2
          5
          2
         -4
         -6
         -2
          4
          5
         -1
         -6
         -5
          1
          6
          3
         -4
         -7
         -3
          4
          6
          0
         -7
         -6
          1
          6
          4
         -4
         -8
         -3
          4
          6
          0
         -7
         -6
          1
          7
          4
         -5
         -9
         -3
          5
          7
          0
         -8
         -7
          2
          8
          4
         -5
         -9
         -3
          6
          7
         -1
         -9
         -6
          3
          8
          3
         -6
         -9
         -1
          7
          6
         -3
         -9
         -5
          5
          8
          1
         -8
         -8
          1
          9
          5
         -5
        -10
         -3
          7
          8
         -2
        -10
         -7
          4
          9
          3
         -8
         -9
          1
          9
          6
         -5
        -10
         -4
          7
          8
         -1
        -10
         -7
          5
         10
          2
         -9
         -9
          1
         10
          6
         -6
        -11
         -2
          8
          8
         -3
        -11
         -6
          6
         10
          0
        -10
         -8
          4
         10
          3
         -8
        -10
          1
         10
          6
         -6
        -11
         -2
          9
          8
         -4
        -12
         -5
          7
          9
         -1
        -11
         -8
          5
         11
          2
        -10
         -9
          3
         11
          4
         -9
        -10
          1
         11
          6
         -7
        -12
         -2
         10
          8
         -5
        -12
         -3
          9
          9
         -4
        -12
         -5
          8
         10
         -2
        -12
         -7
          7
         11
          0
        -11
         -8
          6
         11
          1
        -11
         -9
          5
         11
          2
        -10
        -10
          4
         12
          4
         -9
        -10
          3
         12
          4
         -9
        -11
          2
         12
          5
         -9
        -11
          1
         11
          5
         -9
        -11
          1
         11
          6
         -8
        -11
          1
         11
          6
         -8
        -12
          0
         11
          6
         -8
        -11
          1
         11
          6
         -9
        -11
          1
         11
          5
         -9
        -11
          2
         11
          5
        -10
        -11
          2
         11
          4
        -10
        -10
          3
         12
          3
        -10
        -10
          4
         11
          2
        -11
         -9
          5
         12
          1
        -11
         -8
          6
         10
         -1
        -12
         -6
          8
         10
         -2
        -12
         -5
          9
          9
         -5
        -12
         -3
         10
          8
         -6
        -12
         -1
         10
          6
         -8
        -11
          1
         11
          4
         -9
        -10
          4
         11
          2
        -11
         -8
          6
         10
         -1
        -12
         -6
          8
          9
         -4
        -12
         -4
          9
          7
         -6
        -11
          0
         10
          5
         -8
        -10
          3
         11
          2
        -10
         -8
          6
         10
         -2
        -11
         -5
          8
          8
         -5
        -11
         -2
          9
          5
         -8
        -10
          3
         10
          2
        -10
         -7
          6
          9
         -2
        -11
         -4
          8
          7
         -5
        -10
          0
         10
          4
         -9
         -8
          4
          9
          0
        -10
         -5
          7
          7
         -5
        -11
         -1
          9
          4
         -8
         -8
          3
          9
          0
        -10
         -5
          7
          7
         -5
        -10
         -1
          9
          4
         -8
         -8
          4
          8
         -1
        -10
         -4
          7
          6
         -5
         -9
          1
          9
          2
         -8
         -6
          5
          7
         -3
        -10
         -2
          8
          4
         -7
         -8
          3
          8
          0
         -9
         -4
          6
          6
         -5
         -8
          1
          8
          2
         -8
         -5
          5
          6
         -4
         -9
         -1
          7
          2
         -7
         -6
          4
          7
         -3
         -8
         -2
          7
          3
         -6
         -6
          3
          6
         -2
         -8
         -2
          6
          3
         -6
         -6
          3
          6
         -2
         -8
         -2
          6
          3
         -6
         -6
          3
          6
         -2
         -7
         -2
          6
          3
         -6
         -5
          3
          5
         -2
         -7
         -1
          5
          2
         -6
         -5
          4
          5
         -3
         -6
          0
          6
          1
         -6
         -3
          4
          4
         -3
         -6
          1
          5
          0
         -6
         -2
          4
          3
         -4
         -5
          2
          4
         -2
         -6
         -1
          5
          2
         -5
         -3
          3
          4
         -3
         -5
          1
          5
          0
         -5
         -2
          4
          2
         -4
         -4
          2
          4
         -2
         -5
          0
          4
          1
         -4
         -2
          3
          2
         -3
         -4
          1
          3
         -2
         -4
         -1
          3
          1
         -4
         -2
          2
          2
         -3
         -3
          1
          3
         -1
         -4
          0
          3
          1
         -3
         -2
          2
          1
         -3
         -3
          1
          2
         -2
         -3
          0
          2
          0
         -3
         -1
          2
          1
         -2
         -2
          1
          1
         -2
         -3
          0
          1
         -1
         -2
          0
          2
          0
         -2
         -1
          1
          0
         -2
         -2
          1
          1
         -1
         -2
          0
          1
         -1
         -2
          0
          1
          0
         -1
         -1
          1
          0
         -1
         -1
          0
          0
         -1
         -1
          0
          0
         -1
         -1
          0
          0
         -1
         -1
         -1
          0
         -1
         -1
         -1
          0
          0
         -1
          0
          0
          0
          0
          0
          0
          0
          0
          0
          0
          0
          0
          0
         -1
         -1
         -1
         -1
         -1
         -1
          0
          0
          0
         -1
         -1
          0
          0
         -1
         -1
          0
          0
         -1
         -1
          0
          0
         -1
         -1
          0
          1
         -1
         -2
          0
          1
         -1
         -2
          0
          1
         -1
         -3
         -1
          1
         -1
         -2
          0
          2
          0
         -2
         -1
          2
          0
         -2
         -1
          1
          0
         -3
         -1
          1
          0
         -3
         -2
          2
          1
         -2
         -2
          2
          1
         -2
         -2
          1
          1
         -3
         -2
          1
          2
         -2
         -2
          2
          2
         -2
         -3
          1
          2
         -2
         -3
          1
          2
         -2
         -3
          1
          2
         -2
         -3
          1
          3
         -2
         -3
          1
          3
         -2
         -4
          1
          3
         -2
         -3
          2
          3
         -2
         -4
          2
          3
         -3
         -4
          2
          3
         -3
         -4
          2
          3
         -3
         -4
          2
          3
         -3
         -4
          2
          3
         -3
         -4
          3
          3
         -4
         -4
          3
          2
         -4
         -3
          3
          2
         -5
         -3
          4
          2
         -5
         -3
          4
          1
         -5
         -2
          4
          1
         -5
         -2
          5
          0
         -6
         -1
          5
          0
         -6
          0
          5
         -1
         -6
          1
          5
         -2
         -6
          2
          5
         -3
         -5
          2
          4
         -4
         -5
          3
          4
         -5
         -4
          4
          3
         -5
         -3
          5
          2
         -6
         -2
          5
          1
         -7
         -1
          5
         -1
         -7
          0
          6
         -2
         -6
          2
          5
         -3
         -6
          3
          5
         -5
         -5
          5
          3
         -6
         -4
          5
          2
         -6
         -2
          6
          0
         -7
          0
          6
         -2
         -7
          2
          5
         -4
         -6
          3
          4
         -5
         -5
          5
          3
         -6
         -3
          6
          1
         -7
         -1
          6
         -1
         -7
          1
          6
         -4
         -6
          4
          5
         -6
         -5
          6
          3
         -7
         -2
          7
          0
         -8
          0
          6
         -3
         -7
          3
          6
         -5
         -5
          5
          4
         -7
         -3
          6
          1
         -8
          0
          7
         -2
         -7
          3
          6
         -5
         -6
          5
          4
         -7
         -3
          7
          0
         -8
          1
          7
         -3
         -7
          4
          5
         -6
         -5
          6
          2
         -8
         -2
          7
         -1
         -8
          2
          6
         -5
         -6
          5
          4
         -7
         -3
          7
          0
         -8
          0
          7
         -3
         -7
          4
          5
         -6
         -4
          7
          1
         -8
          0
          7
         -3
         -7
          4
          5
         -6
         -4
          6
          1
         -8
          0
          7
         -3
         -7
          4
          5
         -6
         -4
          6
          1
         -8
          0
          7
         -3
         -7
          5
          5
         -6
         -3
          7
          0
         -8
          1
          6
         -4
         -6
          5
          4
         -7
         -2
          7
         -1
         -8
          2
          6
         -5
         -5
          6
          2
         -8
         -1
          7
         -3
         -7
          4
          4
         -7
         -4
          6
         -1
         -8
          1
          6
         -5
         -6
          6
          2
         -8
         -1
          7
         -3
         -7
          4
          4
         -7
         -3
          7
         -1
         -8
          2
          5
         -6
         -5
          6
          1
         -8
          0
          6
         -5
         -6
          5
          3
         -7
         -1
          7
         -3
         -7
          4
          4
         -7
         -2
          7
         -1
         -7
          3
          5
         -6
         -3
          6
         -1
         -8
          2
          5
         -6
         -4
          6
          0
         -8
          1
          6
         -5
         -4
          6
          1
         -7
          1
          6
         -5
         -5
          5
          1
         -7
          0
          6
         -4
         -5
          5
          1
         -7
          0
          6
         -4
         -5
          5
          1
         -7
          0
          6
         -4
         -5
          5
          1
         -7
          1
          5
         -4
         -4
          5
          1
         -7
          1
          5
         -5
         -4
          5
          0
         -7
          2
          5
         -5
         -3
          5
          0
         -7
          2
          4
         -5
         -3
          6
         -1
         -6
          3
          3
         -6
         -2
          5
         -2
         -5
          4
          2
         -6
          0
          5
         -3
         -4
          5
          1
         -6
          1
          4
         -4
         -3
          5
          0
         -6
          2
          4
         -5
         -2
          5
         -2
         -5
          3
          2
         -6
         -1
          4
         -3
         -4
          4
          1
         -6
          1
          4
         -4
         -2
          5
         -1
         -5
          3
          2
         -5
          0
          4
         -3
         -4
          4
          0
         -5
          1
          3
          x
          x
          x
          x
          x
          x
          x
          x
